# Created by Octave 3.8.1, Tue Oct 04 00:23:00 2016 EDT <william@william-IdeaPad-U460>
# name: x
# type: matrix
# rows: 8
# columns: 1
 739.6558449164912
 824.3934226132388
 824.3934226132388
 739.6558449164912
 521.3388912672316
 524.2811682705908
 497.8006752403572
 496.0353090383416


# name: y
# type: matrix
# rows: 8
# columns: 1
 260.845830375445
 252.0189993653671
 353.8217836815986
 359.1178822876453
 375.5946335064574
 287.3263234056786
 290.8570558097098
 377.359999708473


# name: ax
# type: matrix
# rows: 12
# columns: 1
 748.40057813384
 605.4277935060081
 171.185984875731
 176.509439622512
 176.509439622512
 204.6477004269257
 251.7982996127001
 280.6970539523684
 280.6970539523684
 296.6674181927112
 113.3884761963946
 111.8674891258858


# name: ay
# type: matrix
# rows: 12
# columns: 1
 239.8961713275667
 493.9010121025452
 166.888791943142
 242.9381454685846
 242.9381454685846
 233.8122230455315
 136.469050532965
 125.822141039403
 125.822141039403
 201.1110010295912
 444.4689323110074
 381.3479688848901


# name: Ha
# type: matrix
# rows: 3
# columns: 3
 1 0 0
 0 1 0
 53855834.20234022 -61269041.65593651 118220137630.1649


# name: l1
# type: matrix
# rows: 3
# columns: 1
 8.82683101007791
 84.73757769674762
 -28632.26096700618


# name: l2
# type: matrix
# rows: 3
# columns: 1
 -5.296098606046712
 -84.73757769674762
 34348.06974185733


# name: l3
# type: matrix
# rows: 3
# columns: 1
 88.26831010077882
 2.942277003359209
 -47122.80637472338


# name: l4
# type: matrix
# rows: 3
# columns: 1
 -86.50294389876319
 -1.765366202015571
 43574.69309902727


# name: la1
# type: matrix
# rows: 3
# columns: 1
 -254.0048407749785
 -142.9727846278319
 224395.9933210455


# name: la2
# type: matrix
# rows: 3
# columns: 1
 -76.0493535254426
 5.32345474678101
 12130.15855076127


# name: la3
# type: matrix
# rows: 3
# columns: 1
 9.125922423053112
 28.13826080441373
 -8446.668349467254


# name: la4
# type: matrix
# rows: 3
# columns: 1
 10.64690949356196
 28.89875433966824
 -6624.659272929141


# name: la5
# type: matrix
# rows: 3
# columns: 1
 -75.28885999018817
 15.97036424034286
 19123.9357727791


# name: la6
# type: matrix
# rows: 3
# columns: 1
 63.12096342611733
 -1.520987070508852
 -6481.158359647881


